COUNT    | LINE
-----------------------------------------------------
       3 | 100651
       3 | 100654
       3 | 101412
       3 | 101694
       3 | 125040
       3 | 371600
       2 | 100106
       2 | 100151
       2 | 101070
       2 | 102217
       2 | 108991
       2 | 109513
       2 | 111436
       2 | 114187
       2 | 115640
       2 | 1174296
       2 | 1188295
       2 | 120076
       2 | 12057784
       2 | 12124752
       2 | 12290802
       2 | 124076
       2 | 124586
       2 | 124800
       2 | 125412
       2 | 125737
       2 | 125916
       2 | 126183
       2 | 126478
       2 | 126740
       2 | 126893
       2 | 127401
       2 | 128558
       2 | 128795
       2 | 129033
       2 | 129314
       2 | 129472
       2 | 130021
       2 | 130349
       2 | 130659
       2 | 130873
       2 | 132845
       2 | 133819
       2 | 135125
       2 | 135132
       2 | 135138
       2 | 135201
       2 | 135205
       2 | 135221
       2 | 135230
       2 | 135285
       2 | 135302
       2 | 135359
       2 | 135454
       2 | 135554
       2 | 135638
       2 | 135705
       2 | 135739
       2 | 135757
       2 | 136978
       2 | 137936
       2 | 138533
       2 | 139161
       2 | 139215
       2 | 139288
       2 | 139325
       2 | 139413
       2 | 139485
       2 | 1395832
       2 | 1395949
       2 | 140923
       2 | 142954
       2 | 143368
       2 | 144282
       2 | 145274
       2 | 149277
       2 | 1530681
       2 | 1536190
       2 | 153786
       2 | 1537862
       2 | 156059
       2 | 157743
       2 | 158809
       2 | 163051
       2 | 1633223
       2 | 164493
       2 | 166862
       2 | 167059
       2 | 169726
       2 | 171808
       2 | 172128
       2 | 172918
       2 | 179830
       2 | 1819120
       2 | 1838056
       2 | 186390
       2 | 195441
       2 | 199703
       2 | 199936
       2 | 199973
       2 | 206187
       2 | 243075
       2 | 277109
       2 | 299895
       2 | 317120
       2 | 3391224
       2 | 359669
       2 | 360567
       2 | 382895
       2 | 418399
       2 | 483007
       2 | 486140
       2 | 487814
       2 | 495852
       2 | 699809
       2 | 918835
       1 | 
       1 | 100035
       1 | 100083
       1 | 100107
       1 | 10013932
       1 | 100145
       1 | 100154
       1 | 100195
       1 | 100206
       1 | 100261
       1 | 100296
       1 | 100327
       1 | 100335
       1 | 100442
       1 | 100503
       1 | 100647
       1 | 100766
       1 | 101019
       1 | 102038
       1 | 102130
       1 | 102209
       1 | 102211
       1 | 102227
       1 | 102260
       1 | 102415
       1 | 102551
       1 | 103017
       1 | 103031
       1 | 103053
       1 | 103079
       1 | 103190
       1 | 103241
       1 | 103358
       1 | 105831
       1 | 105915
       1 | 106009
       1 | 106145
       1 | 106443
       1 | 106610
       1 | 106647
       1 | 107296
       1 | 107911
       1 | 108881
       1 | 10890583
       1 | 109133
       1 | 109499
       1 | 109687
       1 | 110374
       1 | 111242
       1 | 111996
       1 | 11275464
       1 | 1127737
       1 | 11372647
       1 | 114225
       1 | 1147491
       1 | 1148492
       1 | 115057
       1 | 115090
       1 | 1153416
       1 | 1155876
       1 | 116231
       1 | 116567
       1 | 116991
       1 | 117142
       1 | 1171576
       1 | 117326
       1 | 1175950
       1 | 118053
       1 | 1182827
       1 | 1185161
       1 | 11884959
       1 | 119346
       1 | 119454
       1 | 119658
       1 | 12015445
       1 | 12016049
       1 | 12029790
       1 | 12030202
       1 | 12039072
       1 | 12041128
       1 | 12047577
       1 | 12048509
       1 | 12053168
       1 | 120550
       1 | 12060111
       1 | 12060874
       1 | 12064669
       1 | 120993
       1 | 12113633
       1 | 12117435
       1 | 121329
       1 | 12156739
       1 | 122126
       1 | 122141
       1 | 12224662
       1 | 12226376
       1 | 122290
       1 | 122335
       1 | 122340
       1 | 122373
       1 | 12239934
       1 | 122401
       1 | 122406
       1 | 122577
       1 | 12267873
       1 | 122795
       1 | 122917
       1 | 122975
       1 | 123035
       1 | 123050
       1 | 123112
       1 | 123203
       1 | 123262
       1 | 123393
       1 | 123457
       1 | 123467
       1 | 123498
       1 | 123748
       1 | 123768
       1 | 123869
       1 | 123907
       1 | 124074
       1 | 124096
       1 | 124110
       1 | 124135
       1 | 124152
       1 | 124202
       1 | 124248
       1 | 124269
       1 | 124418
       1 | 124457
       1 | 124582
       1 | 124589
       1 | 124678
       1 | 124745
       1 | 124755
       1 | 124779
       1 | 125019
       1 | 125087
       1 | 125109
       1 | 125111
       1 | 125119
       1 | 125262
       1 | 125318
       1 | 125421
       1 | 1255531
       1 | 125638
       1 | 125799
       1 | 125848
       1 | 125918
       1 | 125994
       1 | 126048
       1 | 126099
       1 | 126119
       1 | 126177
       1 | 126194
       1 | 126264
       1 | 126283
       1 | 126798
       1 | 126800
       1 | 126812
       1 | 126843
       1 | 127023
       1 | 127413
       1 | 127644
       1 | 127996
       1 | 128035
       1 | 1280780
       1 | 128284
       1 | 128310
       1 | 128341
       1 | 1284496
       1 | 1284650
       1 | 128466
       1 | 128534
       1 | 1285541
       1 | 128732
       1 | 1287467
       1 | 128760
       1 | 129008
       1 | 129313
       1 | 129352
       1 | 129442
       1 | 129458
       1 | 130045
       1 | 130212
       1 | 130234
       1 | 130606
       1 | 130611
       1 | 130792
       1 | 130793
       1 | 130888
       1 | 131092
       1 | 131128
       1 | 131165
       1 | 131198
       1 | 131208
       1 | 131448
       1 | 131675
       1 | 131906
       1 | 132016
       1 | 132052
       1 | 132112
       1 | 132156
       1 | 132187
       1 | 132195
       1 | 132233
       1 | 132263
       1 | 132843
       1 | 133120
       1 | 133256
       1 | 133362
       1 | 133377
       1 | 133676
       1 | 133808
       1 | 133966
       1 | 134097
       1 | 134168
       1 | 134544
       1 | 134943
       1 | 134968
       1 | 135017
       1 | 135031
       1 | 135093
       1 | 135108
       1 | 135117
       1 | 135188
       1 | 135198
       1 | 135222
       1 | 135284
       1 | 135294
       1 | 135313
       1 | 135329
       1 | 135338
       1 | 135368
       1 | 135394
       1 | 135407
       1 | 135515
       1 | 135570
       1 | 135574
       1 | 135625
       1 | 135734
       1 | 135756
       1 | 135762
       1 | 135777
       1 | 135902
       1 | 136177
       1 | 136335
       1 | 136663
       1 | 137038
       1 | 137136
       1 | 137152
       1 | 137189
       1 | 1372049
       1 | 137218
       1 | 137348
       1 | 1373785
       1 | 137390
       1 | 137489
       1 | 137491
       1 | 1383786
       1 | 138389
       1 | 1386441
       1 | 138728
       1 | 138884
       1 | 139505
       1 | 1395201
       1 | 139540
       1 | 139650
       1 | 139797
       1 | 1398106
       1 | 139895
       1 | 139979
       1 | 139995
       1 | 140118
       1 | 140243
       1 | 1404705
       1 | 140751
       1 | 140757
       1 | 140894
       1 | 140933
       1 | 141007
       1 | 141124
       1 | 141133
       1 | 141283
       1 | 141335
       1 | 141340
       1 | 1414399
       1 | 141467
       1 | 141594
       1 | 141605
       1 | 141606
       1 | 141667
       1 | 141829
       1 | 141962
       1 | 142065
       1 | 142296
       1 | 142379
       1 | 1424519
       1 | 1427108
       1 | 142816
       1 | 142834
       1 | 143225
       1 | 143399
       1 | 143500
       1 | 143696
       1 | 144095
       1 | 144350
       1 | 144712
       1 | 144811
       1 | 145427
       1 | 1454727
       1 | 145787
       1 | 146225
       1 | 1469703
       1 | 1470661
       1 | 147088
       1 | 1470997
       1 | 147294
       1 | 147366
       1 | 149009
       1 | 149058
       1 | 1491404
       1 | 149538
       1 | 150080
       1 | 150200
       1 | 150201
       1 | 151446
       1 | 152275
       1 | 152298
       1 | 153036
       1 | 1531619
       1 | 153190
       1 | 153231
       1 | 153567
       1 | 1536587
       1 | 1538576
       1 | 154186
       1 | 154262
       1 | 154510
       1 | 154673
       1 | 154922
       1 | 155291
       1 | 155419
       1 | 157335
       1 | 1574784
       1 | 1575054
       1 | 1575901
       1 | 157863
       1 | 158203
       1 | 1594383
       1 | 159547
       1 | 162433
       1 | 1630060
       1 | 163104
       1 | 1633441
       1 | 163419
       1 | 163452
       1 | 164023
       1 | 164029
       1 | 165767
       1 | 166045
       1 | 166076
       1 | 166517
       1 | 1668547
       1 | 168272
       1 | 170923
       1 | 171525
       1 | 172065
       1 | 172096
       1 | 172673
       1 | 173519
       1 | 173544
       1 | 173829
       1 | 175418
       1 | 175584
       1 | 175686
       1 | 176551
       1 | 176552
       1 | 177105
       1 | 177923
       1 | 178797
       1 | 179635
       1 | 180305
       1 | 180825
       1 | 182119
       1 | 182799
       1 | 1831596
       1 | 1831768
       1 | 1837947
       1 | 183941
       1 | 1844439
       1 | 184526
       1 | 184566
       1 | 1849793
       1 | 1851687
       1 | 1856372
       1 | 186063
       1 | 1861644
       1 | 1870282
       1 | 188999
       1 | 1894159
       1 | 190047
       1 | 190292
       1 | 191026
       1 | 191234
       1 | 191367
       1 | 192667
       1 | 193101
       1 | 195708
       1 | 196653
       1 | 196656
       1 | 199506
       1 | 199558
       1 | 201333
       1 | 202039
       1 | 202599
       1 | 203223
       1 | 203494
       1 | 207202
       1 | 209888
       1 | 209992
       1 | 210286
       1 | 211394
       1 | 213691
       1 | 214585
       1 | 215398
       1 | 217151
       1 | 217595
       1 | 217777
       1 | 218332
       1 | 219891
       1 | 221934
       1 | 223576
       1 | 223642
       1 | 2239762
       1 | 225244
       1 | 229854
       1 | 230126
       1 | 235998
       1 | 249677
       1 | 2517206
       1 | 2549836
       1 | 257782
       1 | 258682
       1 | 261157
       1 | 261303
       1 | 261354
       1 | 264130
       1 | 265239
       1 | 265256
       1 | 269999
       1 | 272855
       1 | 281265
       1 | 281353
       1 | 286415
       1 | 2991940
       1 | 323964
       1 | 3522131
       1 | 357222
       1 | 364243
       1 | 369875
       1 | 370706
       1 | 375138
       1 | 379564
       1 | 381451
       1 | 383663
       1 | 397826
       1 | 414765
       1 | 418233
       1 | 424813
       1 | 4252589
       1 | 4383822
       1 | 4442983
       1 | 4489571
       1 | 4498930
       1 | 4598074
       1 | 461106
       1 | 483683
       1 | 483899
       1 | 487358
       1 | 492462
       1 | 492654
       1 | 493546
       1 | 495870
       1 | 496313
       1 | 497551
       1 | 500665
       1 | 5008781
       1 | 501487
       1 | 636973
       1 | 677844
       1 | 679604
       1 | 680750
       1 | 680893
       1 | 695006
       1 | 696654
       1 | 697481
       1 | 698830
       1 | 700858
       1 | 7011702
       1 | 704640
       1 | 707356
       1 | 711402
       1 | 711695
       1 | 715333
       1 | 715551
       1 | 715885
       1 | 733947
       1 | 8142793
       1 | 8145153
       1 | 821243
       1 | 8238082
       1 | 8727148
       1 | 9266052
       1 | 938701
       1 | 9711721
       1 | 9715148
       1 | 9857757
-----------------------------------------------------
     757 | TOTAL LINES