Columbus : 135705 | 130659 | 154510 | 135284 | 12290802
Las Vegas : 103358 | 175584 | 135222 | 137218 | 124589
Denver : 163452 | 8238082 | 125916 | 141667 | 461106 | 192667 | 106145 | 135302 | 117326 | 124152
Brooklyn : 120076 | 483007
New York : 1849793 | 149277 | 166862 | 243075 | 696654 | 128310 | 679604 | 1372049 | 249677 | 125111 | 140933 | 130021 | 142834 | 1831768 | 159547 | 12015445 | 1575901 | 145274 | 108991 | 140894 | 698830 | 120993 | 281353 | 12029790 | 2549836
Indianapolis : 125737 | 144350 | 12226376
San Antonio : 1668547 | 132195 | 135125 | 135762 | 130873
Tampa : 492462
Vancouver : 176552 | 370706 | 3391224 | 711402 | 126194
Cincinnati : 269999 | 135338 | 135201 | 135201
Atlanta : 129314 | 100145 | 1575054 | 135132 | 157335 | 178797 | 1127737 | 135294 | 1633441 | 135739
Silicon Valley : 8142793 | 156059 | 141340 | 11275464 | 124269 | 124745 | 12048509 | 172065 | 130234 | 122577 | 139979 | 211394 | 190047 | 128760 | 265256 | 1894159 | 144811 | 186390 | 286415 | 1414399 | 123498 | 493546 | 141124 | 359669 | 12039072 | 177105 | 102209 | 357222 | 123768 | 130349 | 1538576 | 139161 | 1819120 | 173829 | 133819 | 1861644 | 139505 | 124135 | 126893 | 4252589 | 122290 | 126740 | 221934 | 123203 | 135734 | 124457 | 11372647 | 144095 | 12016049 | 496313
Jacksonville : 147366 | 184566 | 199973 | 135625
Nashville : 1536190 | 128732 | 381451 | 150201
Salt Lake City : 680893 | 158203 | 129008 | 139797
New Delhi : 4442983 | 235998 | 1838056 | 195441 | 1185161
Kansas City : 149009 | 138389 | 163419 | 157743 | 138533
Charlotte : 1175950 | 123393 | 264130 | 135638 | 132845
 : 887904
Scottsdale : 100195 | 124076 | 360567 | 142065 | 151446
Los Angeles : 173519 | 143368 | 134968 | 141467 | 132016 | 135570 | 115090 | 139215 | 4598074 | 135198
Montreal : 149538 | 12113633 | 172918 | 126800
Houston : 135554 | 132112 | 199936 | 122126 | 135777 | 135017 | 137936 | 487358 | 12041128 | 124096
Louisville : 135454 | 129313
Sydney : 144712 | 218332 | 1574784
Philadelphia : 135205 | 299895 | 1287467 | 128558 | 140243
Boston : 105831 | 707356 | 143696 | 487814 | 124755 | 135407 | 12239934 | 1182827 | 12117435 | 180825 | 100206 | 100106 | 126183 | 124110 | 126843 | 501487 | 139540 | 110374 | 125040 | 1530681 | 277109 | 371600
Toronto : 12047577 | 495852 | 132156 | 146225 | 1285541 | 143500 | 145787 | 140751 | 133676 | 166045
Birmingham : 2991940 | 135756 | 123262 | 142296
Fort Worth : 109513 | 175686 | 317120
Phoenix : 166517 | 129352
Burlington : 126812 | 136335
Seattle : 11884959 | 12124752 | 140118 | 102130 | 1469703 | 114187 | 125087 | 1147491 | 153231 | 201333
Mumbai : 12060111 | 9711721 | 12057784 | 483899 | 418399
Pittsburgh : 206187 | 129458 | 140757 | 382895 | 12030202
Austin : 1395949 | 125019 | 139288 | 1837947 | 191234 | 1470661 | 153190 | 230126 | 715551 | 1280780
London : 1856372 | 152298 | 152275 | 128466 | 144282 | 165767 | 141283 | 124800 | 109687 | 170923 | 323964 | 4498930 | 129442 | 202039 | 383663 | 9857757 | 199506 | 179830 | 229854 | 219891 | 167059 | 147088 | 108881 | 124586 | 1536587
Chicago : 126283 | 135359 | 182799 | 143225 | 131675 | 130606 | 135757 | 1531619 | 141606 | 155419 | 126119 | 135093 | 10013932 | 107911 | 8727148 | 424813 | 115640 | 418233 | 1395201 | 119454 | 153786 | 100296 | 186063 | 1153416 | 132233
San Diego : 142954 | 281265 | 122373 | 183941 | 139485 | 124202 | 131448 | 106647 | 733947 | 129472
Melbourne : 1630060 | 179635 | 223642 | 139413 | 184526
Dallas : 199703 | 397826 | 135221 | 414765 | 123457 | 101694 | 125412 | 163051 | 164493 | 1174296
Raleigh : 101070 | 149058
Orlando : 272855 | 147294 | 132052 | 217777 | 938701
Portland : 196653 | 1594383 | 12053168 | 131198 | 153036
San Francisco : 486140 | 4383822 | 680750 | 145427 | 379564 | 102038 | 8145153 | 127644 | 1831596 | 137189 | 495870 | 140923 | 261354 | 164023 | 150200 | 139995 | 137491 | 12156739 | 697481 | 106443 | 166076 | 5008781 | 1383786 | 141605 | 225244
Cambridge : 137038 | 127401 | 1404705 | 114225 | 139650
Omaha : 217151 | 136978 | 172128
Minneapolis : 131208 | 132187 | 677844 | 131906 | 12267873 | 129033 | 133120 | 12224662 | 1255531 | 141335
Irvine : 1395832 | 1284496 | 176551 | 122335 | 180305
Miami : 169726 | 135285 | 135138 | 918835
Cleveland : 122406 | 130888 | 163104 | 123869
Washington : 136177 | 207202 | 138884 | 1188295 | 695006
