Banking : 123121 | 100766 | 114111 | 101700 | 121145 | 100067 | 114231
Pharma & Biotech : 132371 | 191482 | 209172 | 127401 | 126916 | 697636 | 1404705 | 128979 | 151458 | 125573 | 139650 | 1180632 | 166076 | 139505 | 194156 | 706315 | 125452 | 189674 | 125666 | 115284 | 203441 | 201564 | 1280052 | 1869158 | 297354
Health Care : 365638 | 151356 | 156059 | 217151 | 1618558 | 425317 | 135797 | 489558 | 1668547 | 128462 | 129784 | 185288 | 459263 | 1552194 | 156377 | 125275 | 127590 | 132187 | 1175950 | 177105 | 180323 | 493957 | 197268 | 131906 | 2238933
Transportation & Warehousing : 135205 | 579107 | 299895 | 12124752 | 1395832 | 213606 | 135132 | 157973 | 184619 | 268111 | 136292 | 429619 | 5218064 | 139485 | 12119534 | 132843 | 155556 | 250875 | 147206 | 324095 | 3391224 | 174284 | 12124701 | 123050 | 163051
Education : 12057784 | 887393 | 234683 | 169726 | 198406 | 185779 | 1819120 | 147466 | 143368 | 138759 | 699809 | 168306 | 153860 | 128284 | 106009 | 1488758 | 128558 | 193101 | 1413972 | 1632537 | 500665 | 217595 | 371600
On Demand Economy : 128539 | 172918 | 141725 | 699809 | 497551 | 209888 | 486219 | 213596 | 151009 | 143020 | 233010 | 141594 | 137136 | 125848 | 1537862 | 101412 | 100404 | 9266052 | 483007 | 1148735 | 8227296 | 371600
Telecommunications : 129718 | 164143 | 418399 | 135359 | 124076 | 4374480 | 382844 | 138521 | 264821 | 137209 | 12063450 | 130693 | 165334 | 210656 | 139860 | 150152 | 173024 | 226693 | 125126 | 101694 | 140285 | 158382 | 150134 | 136011 | 126689
Automobile : 158897 | 138084 | 178403 | 247635 | 128614 | 182261 | 133248 | 127018 | 126067 | 195441 | 1670968 | 159964 | 126066 | 1419055 | 187878 | 150184 | 135135 | 6127284 | 217290 | 130766
SaaS : 186390 | 359669 | 125916 | 201148 | 180052 | 117146 | 130349 | 136801 | 124800 | 114187 | 122917 | 126048 | 202599 | 100647 | 191367 | 123093 | 106528 | 123035 | 100654 | 100106 | 126183 | 100976 | 139413 | 112995 | 123305
Consulting & Business Services : 887904 | 12305182 | 318530 | 1536190 | 380709 | 127025 | 152043 | 384486 | 670520 | 1576625 | 2672372 | 105831 | 100145 | 1159208 | 1274197 | 9218914 | 167237 | 280397 | 172065 | 211340 | 12047577 | 126283 | 496434 | 7184823 | 158203
Travel & Hospitality : 12058939 | 180016 | 1168669 | 263634 | 258682 | 131672 | 131675 | 208915 | 175584 | 106443 | 224734 | 151422 | 1284225 | 153308 | 135646 | 224436 | 134899 | 138658 | 1147491 | 284636 | 128293 | 135222 | 133602 | 137218 | 136270
Food & Beverages : 129314 | 12022133 | 146281 | 134229 | 169007 | 129905 | 148382 | 135454 | 135757 | 1577473 | 214585 | 139124 | 132611 | 129034 | 135302 | 190633 | 131662 | 415863 | 375649 | 129033 | 317120 | 153786 | 187383 | 1537862 | 132845
Retail & Ecommerce : 199703 | 500965 | 3325117 | 4426456 | 361131 | 133958 | 194228 | 142834 | 123612 | 196591 | 580133 | 113615 | 135762 | 170874 | 4868617 | 102130 | 131617 | 122335 | 221528 | 166517 | 697481 | 3239587 | 135145 | 125644 | 130026
Hardware & Equipment : 125737 | 171659 | 127943 | 130234 | 127212 | 129657 | 102209 | 132156 | 124135 | 126740 | 127758 | 125413 | 217063 | 169106 | 362695 | 125412 | 126263 | 129309 | 128641 | 135438 | 127515 | 123092 | 298775 | 128576 | 129872
Personal & Household Goods : 6711272 | 128597 | 138126 | 137349 | 1838056 | 1871973 | 127825 | 139161 | 188588 | 138083 | 135313 | 189555 | 184636 | 124586 | 133592 | 154262 | 130855 | 211092
Artificial Intelligence : 1395949 | 140923 | 126740 | 100035 | 4489571 | 100654 | 126478 | 101412
Industrial Goods : 188233 | 547738 | 1180653 | 219560 | 149855 | 1857019 | 127520 | 128216 | 106458 | 135638 | 194242 | 212738 | 269999 | 126338 | 135503 | 205103 | 131021 | 171605 | 139540 | 172049 | 126201 | 131861
Internet of Things : 101070 | 1157749 | 128216 | 101694 | 125412 | 100654 | 129309 | 1188295 | 190292 | 149537 | 101412 | 126201 | 127996 | 125040 | 172673 | 918835 | 131165
Insurance : 
Energy & Utilities : 1187162 | 269633 | 135221 | 139288 | 135670 | 261157 | 135125 | 135554 | 135189 | 130659 | 201320 | 1577319 | 1297416 | 136947 | 144282 | 133819 | 135138 | 132649 | 182180 | 135260 | 135795 | 174349 | 12290802 | 135491 | 137936
Real Estate & Construction : 324124 | 206187 | 315416 | 486140 | 135705 | 149277 | 129977 | 159227 | 428864 | 135285 | 185864 | 143853 | 210262 | 136978 | 145274 | 150756 | 680530 | 199936 | 360567 | 134424 | 372561 | 170476 | 134168 | 135262 | 215398
Media & Entertainment : 1576630 | 1491174 | 229324 | 166862 | 243075 | 142954 | 142103 | 130021 | 109513 | 136398 | 495852 | 301478 | 135810 | 108991 | 155929 | 487814 | 140524 | 128438 | 126893 | 120076 | 135739 | 159534 | 100107 | 123467 | 382895
