129314
100145
1575054
135132
157335
178797
1127737
135294
1633441
135739
125737
144350
12226376
103190
130611
136177
207202
138884
1188295
695006
680893
158203
129008
139797
182119
1395949
125019
139288
1837947
191234
1470661
153190
230126
715551
1280780
1395832
1284496
176551
122335
180305
269999
135338
135201
135201
124678
199703
397826
135221
414765
123457
101694
125412
163051
164493
1174296
131208
132187
677844
131906
12267873
129033
133120
12224662
1255531
141335
135554
132112
199936
122126
135777
135017
137936
487358
12041128
124096
135454
129313
128795
2239762
141829
144712
218332
1574784
369875
103079
196653
1594383
12053168
131198
153036
206187
129458
140757
382895
12030202
105831
707356
143696
487814
124755
135407
12239934
1182827
12117435
180825
100206
100106
126183
124110
126843
501487
139540
110374
125040
1530681
277109
371600
107296
177923
136663
1856372
152298
152275
128466
144282
165767
141283
124800
109687
170923
323964
4498930
129442
202039
383663
9857757
199506
179830
229854
219891
167059
147088
108881
124586
1536587
142954
281265
122373
183941
139485
124202
131448
106647
733947
129472
147366
184566
199973
135625
106610
126812
136335
134097
123907
125262
1536190
128732
381451
150201
127023
149538
12113633
172918
126800
164029
492462
100442
123112
1427108
130045
166517
129352
195708
122401
188999
135205
299895
1287467
128558
140243
2991940
135756
123262
142296
135188
11884959
12124752
140118
102130
1469703
114187
125087
1147491
153231
201333
8142793
156059
141340
11275464
124269
124745
12048509
172065
130234
122577
139979
211394
190047
128760
265256
1894159
144811
186390
286415
1414399
123498
493546
141124
359669
12039072
177105
102209
357222
123768
130349
1538576
139161
1819120
173829
133819
1861644
139505
124135
126893
4252589
122290
126740
221934
123203
135734
124457
11372647
144095
12016049
496313
217151
136978
172128
137390
135108
135705
130659
154510
135284
12290802
173519
143368
134968
141467
132016
135570
115090
139215
4598074
135198
103358
175584
135222
137218
124589
169726
135285
135138
918835
158809
149009
138389
163419
157743
138533
163452
8238082
125916
141667
461106
192667
106145
135302
117326
124152
1175950
123393
264130
135638
132845
120076
483007
100083
101019
117142
100195
124076
360567
142065
151446
486140
4383822
680750
145427
379564
102038
8145153
127644
1831596
137189
495870
140923
261354
164023
150200
139995
137491
12156739
697481
106443
166076
5008781
1383786
141605
225244
137038
127401
1404705
114225
139650
126283
135359
182799
143225
131675
130606
135757
1531619
141606
155419
126119
135093
10013932
107911
8727148
424813
115640
418233
1395201
119454
153786
100296
186063
1153416
132233
176552
370706
3391224
711402
126194
122406
130888
163104
123869
126798
1630060
179635
223642
139413
184526
101070
149058
125421
1491404
171808
12060111
9711721
12057784
483899
418399
1849793
149277
166862
243075
696654
128310
679604
1372049
249677
125111
140933
130021
142834
1831768
159547
12015445
1575901
145274
108991
140894
698830
120993
281353
12029790
2549836
12047577
495852
132156
146225
1285541
143500
145787
140751
133676
166045
4442983
235998
1838056
195441
1185161
1668547
132195
135125
135762
130873
109513
175686
317120
135230
168272
272855
147294
132052
217777
938701
1536190
1395949
140923
126740
100035
4489571
100654
126478
101412
100651
134943
157863
1454727
125994
1470997
111996
2517206
122340
103053
126177
142816
119658
141007
154673
111436
704640
258682
186390
359669
125916
130349
124800
114187
122917
126048
202599
100647
191367
123035
100654
100106
126183
139413
126478
164493
100503
125040
100651
109133
109499
821243
124779
199703
206187
486140
135705
149277
135285
136978
145274
199936
360567
134168
215398
125918
172128
9715148
10890583
199973
124418
157743
138533
132263
125638
1530681
277109
700858
135230
135205
299895
12124752
1395832
135132
139485
132843
3391224
123050
163051
199558
1386441
135329
1398106
196656
1171576
153567
128341
1155876
141962
135515
127413
137152
203223
155291
156059
12057784
169726
1819120
143368
699809
128284
106009
128558
193101
500665
217595
371600
120550
1424519
130212
154186
100151
175418
100261
103241
203494
100154
124248
131092
141133
166862
243075
142954
130021
109513
495852
108991
487814
126893
120076
135739
100107
123467
382895
121329
257782
125109
1844439
102551
119346
115640
102415
103031
139215
118053
1838056
139161
135313
124586
154262
135368
158809
124582
115057
137348
138728
137489
1373785
261303
125318
135394
135574
7011702
154922
134544
1284650
195441
129314
135454
135757
214585
135302
129033
317120
153786
1537862
132845
133362
636973
1870282
171525
139325
128795
12064669
1633223
210286
209992
122795
715885
122141
123748
135117
135638
418399
135359
124076
101694
129472
223576
126099
12060874
173544
711695
102227
105915
124074
150080
492654
265239
483683
135902
102217
116991
143399
100327
162433
171808
142379
135221
139288
261157
135125
135554
130659
144282
133819
135138
12290802
137936
179830
167059
133256
130792
130793
133808
130873
213691
1174296
128035
131128
191026
133966
133377
111242
125737
100766
172918
699809
497551
209888
141594
137136
125848
1537862
101412
9266052
483007
371600
139895
116567
122975
116231
1148492
100151
1851687
139325
3522131
172096
135031
1633223
103017
101070
101694
125412
100654
1188295
190292
101412
127996
125040
172673
918835
131165
100651
102211
715333
100335
364243
102217
111436
375138
126264
125119
128534
102260
125799
127401
